# large input
195
100
3
14
94 14
39 37
41 17
87 37
54 81
71 18
13 6
75 22
56 24
22 5
79 96
83 60
72 24
47 24
3 48
87 6
80 46
70 52
27 4
18 74
77 73
17 32
48 28
38 9
9 22
41 42
97 47
97 22
77 62
28 87
38 57
66 47
78 68
78 24
88 64
52 40
51 45
50 23
43 78
56 48
96 75
29 25
5 6
68 65
51 64
38 20
78 84
77 28
26 93
0 11
72 82
67 84
64 8
12 52
29 29
66 37
25 74
71 87
93 13
8 59
62 59
48 66
56 97
98 89
9 9
75 59
65 7
16 89
4 18
98 54
12 45
47 51
73 5
52 3
70 16
6 26
75 9
69 57
8 17
20 24
37 10
2 41
44 2
20 34
13 76
18 97
58 10
17 29
25 59
23 85
63 30
81 35
84 21
48 39
99 48
22 28
29 97
9 30
35 92
13 25
30 44
64 72
40 13
99 66
82 66
7 81
56 76
79 48
32 84
7 86
45 35
22 57
13 56
40 66
73 95
77 0
24 50
47 16
82 74
34 16
4 35
60 81
78 12
38 25
67 75
33 87
22 96
38 81
58 2
43 27
74 76
23 0
36 33
80 49
22 59
39 64
86 74
46 27
38 43
93 73
54 26
58 44
32 32
66 94
43 28
59 20
19 74
34 83
97 49
95 97
38 18
34 72
69 84
42 25
31 79
16 74
3 12
74 51
95 54
3 63
62 61
3 5
1 57
78 6
38 59
83 70
83 0
58 59
41 27
99 13
7 54
79 63
97 74
81 63
25 87
63 76
85 65
18 73
6 79
52 62
61 1
53 93
23 85
39 0
53 42
22 91
73 38
82 7
77 4
18 21
30 78
21 31
86 84
16 33
18 62